stats on 240 and 250 (marginal averages)
lines to write: 7,12 average usage of 240, 250. 19, 24, 29, 34, 39, 44, 49 smtwtfs average fullness of 240

average usage(min/hour) (including 1am - 8am)
240
0  0  0  0  0  0  0  0  0  1  1  1  1  1  1  1  1  1  1  2  2  2  2  2  2  2  2  2  2  3  3  3  3  3  3  3  3  3  3  4  4  4  
1  2  3  4  5  6  7  8  9  0  1  2  3  4  5  6  7  8  9  0  1  2  3  4  5  6  7  8  9  0  1  2  3  4  5  6  7  8  9  0  1  2
11 10 9 8 10 11 8 8 11 8 10 12 11 8 12 21 10 9 9 11 10 9 8 10 9 10 11 12 8 9 9 10 10 10 8 9 9 5 10 13 11 9

250
0  0  0  0  0  0  0  0  0  1  1  1  1  1  1  1  1  1  1  2  2  2  2  2  2  2  2  2  2  3  3  3  3  3  3  3  3  3  3  4  4  4  
1  2  3  4  5  6  7  8  9  0  1  2  3  4  5  6  7  8  9  0  1  2  3  4  5  6  7  8  9  0  1  2  3  4  5  6  7  8  9  0  1  2
6 9 8 9 6 9 3 8 9 12 8 2 8 8 15 10 7 8 4 5 8 8 8 9 6 10 12 8 5 7 5 9 8 12 7 8 9 6 5 5 6 7

-----------------------------------------------------------------------------------------------------------------------------|
average fullness of lab at specific hour (x/42) lab 240
sun
0  0  0  0  0  0  0  0  0  0  1  1  1  1  1  1  1  1  1  1  2  2  2  2 
0  1  2  3  4  5  6  7  8  9  0  1  2  3  4  5  6  7  8  9  0  1  2  3  
000 000 000 000 000 000 000 000 000 000 000 001 001 001 001 002 001 002 002 001 001 001 001 001

mon
0  0  0  0  0  0  0  0  0  0  1  1  1  1  1  1  1  1  1  1  2  2  2  2 
0  1  2  3  4  5  6  7  8  9  0  1  2  3  4  5  6  7  8  9  0  1  2  3 
001 000 000 000 000 000 000 000 000 001 001 001 001 001 000 000 000 000 000 000 000 000 000 000

tue
0  0  0  0  0  0  0  0  0  0  1  1  1  1  1  1  1  1  1  1  2  2  2  2 
0  1  2  3  4  5  6  7  8  9  0  1  2  3  4  5  6  7  8  9  0  1  2  3 
000 000 000 000 000 000 000 000 000 000 000 000 000 000 000 000 000 000 000 000 000 000 000 000

wed
0  0  0  0  0  0  0  0  0  0  1  1  1  1  1  1  1  1  1  1  2  2  2  2 
0  1  2  3  4  5  6  7  8  9  0  1  2  3  4  5  6  7  8  9  0  1  2  3 
000 000 000 000 000 000 000 000 000 000 000 000 000 000 000 001 001 001 001 001 001 001 001 001

thu
0  0  0  0  0  0  0  0  0  0  1  1  1  1  1  1  1  1  1  1  2  2  2  2 
0  1  2  3  4  5  6  7  8  9  0  1  2  3  4  5  6  7  8  9  0  1  2  3 
000 000 000 000 000 000 000 000 000 001 001 001 001 001 001 001 001 001 001 001 001 001 001 001

fri
0  0  0  0  0  0  0  0  0  0  1  1  1  1  1  1  1  1  1  1  2  2  2  2 
0  1  2  3  4  5  6  7  8  9  0  1  2  3  4  5  6  7  8  9  0  1  2  3 
001 000 000 000 000 000 000 000 000 001 001 002 001 001 001 001 001 001 001 001 001 001 001 000

sat
0  0  0  0  0  0  0  0  0  0  1  1  1  1  1  1  1  1  1  1  2  2  2  2 
0  1  2  3  4  5  6  7  8  9  0  1  2  3  4  5  6  7  8  9  0  1  2  3 
000 000 000 000 000 000 000 000 000 000 000 000 001 001 001 001 001 001 001 001 001 001 001 000

-----------------------------------------------------------------------|